7500 8600 9500 7500 7500 7500 9000 8300 7300 6400 5500 0 7500 7500 6000 6700 7700 
7500 8600 9500 7500 7500 7500 9000 8300 7150 6400 5500 0 7500 7500 6000 6700 7700 
7500 8600 9500 7500 7500 7500 9000 8300 7000 6400 5500 0 7500 7500 6000 6700 7700 
7500 8600 9500 7500 7500 7500 9000 8300 7000 6400 5500 0 7500 7500 6000 6700 7550 
7500 8600 9500 7500 7500 7500 9000 8300 7000 6400 5500 0 7500 7500 6000 6700 7400 
7500 8600 9500 7500 7450 7500 9000 8300 7000 6400 5500 0 7500 7500 6000 6700 7400 
7500 8600 9500 7500 7400 7500 9000 8300 7000 6400 5500 0 7500 7500 6000 6700 7400 
7500 8600 9500 7500 7350 7500 9000 8300 7000 6400 5500 0 7500 7500 6000 6700 7350 
7500 8600 9500 7500 7350 7500 9000 8300 7000 6400 5500 0 7500 7500 6000 6700 7300 
7500 8600 9500 7500 7350 7500 9000 8300 7150 6400 5500 0 7500 7500 6000 6700 7300 
7500 8600 9500 7500 7300 7500 9000 8300 7300 6400 5500 0 7500 7500 6000 6700 7300 
7500 8600 9500 7500 7300 7450 9000 8300 7300 6400 5500 0 7500 7500 6000 6700 7300 
7500 8600 9500 7500 7300 7500 9000 8300 7300 6400 5500 0 7500 7500 6000 6700 7300 
7500 8600 9500 7500 7300 7450 9000 8300 7300 6400 5500 0 7500 7500 6000 6700 7300 
7500 8600 9500 7500 7300 7400 9000 8300 7300 6400 5500 0 7500 7500 6000 6700 7300 
7500 8600 9500 7500 7300 7400 9000 8250 7300 6400 5500 0 7500 7500 6000 6700 7300 
7500 8600 9500 7500 7300 7400 9000 8200 7300 6400 5500 0 7500 7500 6000 6700 7300 
7500 8600 9500 7500 7300 7300 9000 8200 7300 6400 5500 0 7500 7500 6000 6700 7300 
7500 8600 9500 7500 7300 7250 9000 8200 7300 6400 5500 0 7500 7500 6000 6700 7300 
7500 8600 9500 7500 7300 7200 9000 8200 7300 6400 5500 0 7500 7500 6000 6700 7300 
7500 8600 9500 7500 7300 7200 9000 8150 7300 6400 5500 0 7500 7500 6000 6700 7300 
7500 8600 9500 7500 7300 7200 9000 8100 7300 6400 5500 0 7500 7500 6000 6700 7300 
7500 8600 9500 7500 7300 7200 9000 8000 7300 6400 5500 0 7500 7500 6000 6700 7300 
7500 8600 9500 7500 7300 7150 9000 8000 7300 6400 5500 0 7500 7500 6000 6700 7300 
7500 8600 9500 7500 7300 7100 9000 8000 7300 6400 5500 0 7500 7500 6000 6700 7300 
7500 8600 9500 7500 7300 7100 9000 7950 7300 6400 5500 0 7500 7500 6000 6700 7300 
7500 8600 9500 7500 7300 7100 9000 7900 7300 6400 5500 0 7500 7500 6000 6700 7300 
7500 8600 9500 7500 7300 7050 9000 7900 7300 6400 5500 0 7500 7500 6000 6700 7300 
7500 8600 9500 7500 7300 7000 9000 7900 7300 6400 5500 0 7500 7500 6000 6700 7300 
7500 8600 9500 7500 7300 7000 9000 7850 7300 6400 5500 0 7500 7500 6000 6700 7300 
7500 8600 9500 7500 7300 7000 9000 7800 7300 6400 5500 0 7500 7500 6000 6700 7300 
7500 8600 9500 7500 7300 7000 9000 7800 7400 6400 5500 0 7500 7500 6000 6700 7300 
7500 8600 9500 7500 7300 7000 9000 7800 7500 6400 5500 0 7500 7500 6000 6700 7300 
7500 8600 9500 7500 7250 7000 9000 7800 7500 6400 5500 0 7500 7500 6000 6700 7300 
7500 8600 9500 7500 7200 7000 9000 7800 7500 6400 5500 0 7500 7500 6000 6700 7300 
7500 8600 9500 7500 7200 7000 9200 7800 7500 6400 5500 0 7500 7500 6000 6700 7300 
7500 8600 9500 7500 7200 7000 9400 7800 7500 6400 5500 0 7500 7500 6000 6700 7300 
7500 8600 9500 7500 7150 7000 9400 7800 7500 6400 5500 0 7550 7500 6000 6700 7300 
7500 8600 9500 7500 7100 7000 9400 7800 7500 6400 5500 0 7600 7500 6000 6700 7300 
7500 8600 9500 7500 7100 7000 9400 7800 7500 6400 5500 0 7600 7500 6000 6700 7300 
7500 8600 9500 7500 7150 7000 9400 7800 7500 6400 5500 0 7600 7500 6000 6700 7300 
7500 8600 9500 7500 7200 7000 9400 7800 7500 6400 5500 0 7600 7500 6000 6700 7300 
7500 8600 9500 7500 7200 7000 9400 7800 7500 6400 5500 0 7550 7500 6000 6700 7300 
7500 8600 9500 7500 7200 7000 9400 7800 7500 6400 5500 0 7500 7500 6000 6700 7300 
7500 8600 9500 7500 7200 7000 9400 7800 7500 6400 5500 0 7500 7500 6000 6700 7300 
7500 8600 9500 7500 7200 7000 9400 7800 7500 6400 5500 0 7400 7500 6000 6700 7300 
3500 8700 9500 7500 7200 7000 9400 7800 7550 6400 5500 0 7400 7500 6000 6700 7300 
7500 8600 9500 7500 7200 7000 9400 7800 7600 6400 5500 0 7400 7500 6000 6700 7300 
7500 8600 9500 7500 7200 7000 9400 7800 7600 6400 5500 0 7400 7500 6000 6700 7500 
7500 8600 9500 7500 7200 7000 9400 7800 7600 6400 5500 0 7400 7500 6000 6700 7700 
7500 8600 9500 7500 7200 7000 9400 7800 7600 6400 5500 0 7400 7500 5900 6700 7700 
7500 8600 9500 7500 7200 7000 9400 7800 7600 6400 5500 0 7400 7500 5800 6700 7700 
7500 8600 9500 7500 7200 7000 9400 7800 7600 6400 5500 0 7400 7500 5800 6550 7700 
7500 8600 9500 7500 7200 7000 9400 7800 7600 6400 5500 0 7400 7500 5800 6400 7700 
7500 8600 9500 7500 7200 7000 9400 7800 7600 6400 5500 0 7400 7550 5800 6500 7700 
7500 8600 9500 7500 7200 7000 9400 7800 7600 6400 5500 0 7400 7600 5800 6600 7700 
7500 8600 9500 7500 7200 7000 9400 7800 7600 6400 5500 0 7400 7650 5750 6600 7700 
7500 8600 9500 7500 7200 7000 9400 7800 7600 6400 5500 0 7400 7700 5700 6600 7700 
7500 8600 9500 7500 7200 7000 9400 7800 7600 6400 5500 0 7400 7750 5650 6700 7700 
7500 8600 9500 7500 7200 7000 9400 7800 7600 6400 5500 0 7400 7800 5600 6800 7700 
7500 8600 9500 7500 7200 7000 9400 7800 7600 6400 5500 0 7400 7800 5600 6900 7700 
7500 8600 9500 7500 7200 7000 9400 7800 7600 6400 5500 0 7400 7800 5600 7000 7700 
7500 8600 9500 7500 7200 7000 9400 7800 7600 6400 5500 0 7400 7900 5500 7000 7700 
7500 8600 9500 7500 7200 7000 9400 7800 7600 6400 5500 0 7400 8000 5400 7000 7700 
7500 8600 9500 7500 7200 7000 9400 7800 7600 6400 5500 0 7400 8000 5400 7200 7700 
7500 8600 9500 7500 7200 7000 9400 7800 7600 6400 5500 0 7400 8000 5400 7400 7700 
7500 8600 9500 7500 7200 7000 9400 7800 7600 6400 5500 0 7400 8000 5500 7300 7700 
7500 8600 9500 7500 7200 7000 9400 7800 7600 6400 5500 0 7400 8000 5600 7200 7700 
7500 8600 9500 7500 7200 7000 9400 7800 7550 6400 5500 0 7400 8000 5600 7200 7700 
7500 8600 9500 7500 7200 7000 9400 7800 7500 6400 5500 0 7400 8000 5600 7200 7700 
7500 8600 9500 7500 7200 7000 9400 7800 7400 6400 5500 0 7400 8000 5600 7200 7650 
7500 8600 9500 7500 7200 7000 9400 7800 7300 6400 5500 0 7400 8000 5600 7200 7600 
7500 8600 9500 7500 7350 7000 9400 7800 7300 6400 5500 0 7400 8000 5600 7200 7600 
7500 8600 9500 7500 7500 7000 9400 7800 7300 6400 5500 0 7400 8000 5600 7200 7600 
7500 8600 9500 7500 7500 7000 9400 7800 7300 6400 5500 0 7450 8000 5600 7200 7600 
7500 8600 9500 7500 7500 7000 9400 7800 7300 6400 5500 0 7500 8000 5600 7200 7600 
7500 8600 9500 7500 7500 7100 9400 7800 7300 6400 5500 0 7500 7900 5600 7200 7600 
7500 8600 9500 7500 7500 7200 9400 7800 7300 6400 5500 0 7500 7800 5600 7200 7600 
7500 8600 9500 7500 7500 7200 9400 7900 7300 6400 5500 0 7500 7800 5600 7200 7600 
7500 8600 9500 7500 7500 7200 9400 8000 7300 6400 5500 0 7500 7800 5600 7200 7600 
7500 8600 9500 7500 7500 7200 9400 8000 7300 6400 5500 0 7500 7800 5600 7150 7600 
7500 8600 9500 7500 7500 7200 9400 8000 7300 6400 5500 0 7500 7800 5600 7100 7600 
7500 8600 9500 7500 7500 7200 9350 8000 7300 6400 5500 0 7500 7800 5650 7100 7600 
7500 8600 9500 7500 7500 7200 9300 8000 7300 6400 5500 0 7500 7800 5700 7100 7600 
7500 8600 9500 7500 7500 7200 9300 8050 7300 6400 5500 0 7500 7800 5700 7050 7600 
7500 8600 9500 7500 7500 7200 9300 8100 7300 6400 5500 0 7500 7800 5700 7000 7600 
7500 8600 9500 7500 7500 7200 9250 8100 7300 6400 5500 0 7500 7800 5750 7000 7600 
7500 8600 9500 7500 7500 7200 9200 8100 7300 6400 5500 0 7500 7800 5800 7000 7600 
7500 8600 9500 7500 7500 7200 9200 8150 7300 6400 5500 0 7500 7800 5800 6900 7600 
7500 8600 9500 7500 7500 7200 9200 8200 7300 6400 5500 0 7500 7800 5800 6800 7600 
7500 8600 9500 7500 7500 7200 9150 8200 7300 6400 5500 0 7500 7800 5850 6800 7600 
7500 8600 9500 7500 7500 7200 9100 8200 7300 6400 5500 0 7500 7800 5900 6800 7600 
#




一次最好只動一軸
第9軸不能承受太大扭矩 所以不能做出蹲下動作
左右重心移轉主要在6 10
抬腳主要是先7(前移)再 9(腳底板平行地面)
試圖用手移動左右重心 結果效果不彰