7500 8600 9500 4700 7400 7300 9000 8300 7300 6400 5500 10300 7600 7700 6000 6700 7700 
7500 8600 9500 4700 7400 7300 9000 8300 7327 6400 5500 10300 7600 7700 6000 6700 7727 
7500 8600 9500 4700 7400 7300 9000 8300 7354 6400 5500 10300 7600 7700 6000 6700 7754 
7500 8600 9500 4700 7400 7300 9000 8300 7381 6400 5500 10300 7600 7700 6000 6700 7781 
7500 8600 9500 4700 7400 7300 9000 8300 7409 6400 5500 10300 7600 7700 6000 6700 7809 
7500 8600 9500 4700 7400 7300 9000 8300 7436 6400 5500 10300 7600 7700 6000 6700 7836 
7500 8600 9500 4700 7400 7300 9000 8300 7463 6400 5500 10300 7600 7700 6000 6700 7863 
7500 8600 9500 4700 7400 7300 9000 8300 7490 6400 5500 10300 7600 7700 6000 6700 7890 
7500 8600 9500 4700 7400 7300 9000 8300 7518 6400 5500 10300 7600 7700 6000 6700 7918 
7500 8600 9500 4700 7400 7300 9000 8300 7545 6400 5500 10300 7600 7700 6000 6700 7945 
7500 8600 9500 4700 7400 7300 9000 8300 7572 6400 5500 10300 7600 7700 6000 6700 7972 
7500 8600 9500 4700 7400 7300 9000 8300 7600 6400 5500 10300 7600 7700 6000 6700 8000 
7500 8600 9500 4700 7400 7300 9000 8300 7600 6400 5500 10300 7627 7700 6000 6700 8000 
7500 8600 9500 4700 7400 7300 9000 8300 7600 6400 5500 10300 7654 7700 6000 6700 8000 
7500 8600 9500 4700 7400 7300 9000 8300 7600 6400 5500 10300 7681 7700 6000 6700 8000 
7500 8600 9500 4700 7400 7300 9000 8300 7600 6400 5500 10300 7709 7700 6000 6700 8000 
7500 8600 9500 4700 7400 7300 9000 8300 7600 6400 5500 10300 7736 7700 6000 6700 8000 
7500 8600 9500 4700 7400 7300 9000 8300 7600 6400 5500 10300 7763 7700 6000 6700 8000 
7500 8600 9500 4700 7400 7300 9000 8300 7600 6400 5500 10300 7790 7700 6000 6700 8000 
7500 8600 9500 4700 7400 7300 9000 8300 7600 6400 5500 10300 7818 7700 6000 6700 8000 
7500 8600 9500 4700 7400 7300 9000 8300 7600 6400 5500 10300 7845 7700 6000 6700 8000 
7500 8600 9500 4700 7400 7300 9000 8300 7600 6400 5500 10300 7872 7700 6000 6700 8000 
7500 8600 9500 4700 7400 7300 9000 8300 7600 6400 5500 10300 7900 7700 6000 6700 8000 
7500 8600 9500 4700 7400 7300 9000 8300 7500 6400 5500 10300 7900 7700 6000 6700 7946 
7500 8600 9500 4700 7400 7300 9000 8300 7400 6400 5500 10300 7900 7700 6000 6700 7891 
7500 8600 9500 4700 7400 7300 9000 8300 7300 6400 5500 10300 7900 7700 6000 6700 7837 
7500 8600 9500 4700 7400 7300 9000 8300 7200 6400 5500 10300 7900 7700 6000 6700 7782 
7500 8600 9500 4700 7400 7300 9000 8300 7100 6400 5500 10300 7900 7700 6000 6700 7728 
7500 8600 9500 4700 7400 7300 9000 8300 7000 6400 5500 10300 7900 7700 6000 6700 7673 
7500 8600 9500 4700 7400 7300 9000 8300 6900 6400 5500 10300 7900 7700 6000 6700 7619 
7500 8600 9500 4700 7400 7300 9000 8300 6800 6400 5500 10300 7900 7700 6000 6700 7564 
7500 8600 9500 4700 7400 7300 9000 8300 6700 6400 5500 10300 7900 7700 6000 6700 7510 
7500 8600 9500 4700 7400 7300 9000 8300 6600 6400 5500 10300 7900 7700 6000 6700 7455 
7500 8600 9500 4700 7400 7300 9000 8300 6500 6400 5500 10300 7900 7700 6000 6700 7400 
7500 8600 9500 4700 7400 7300 9000 8300 6572 6400 5500 10300 7873 7700 6000 6700 7427 
7500 8600 9500 4700 7400 7300 9000 8300 6645 6400 5500 10300 7846 7700 6000 6700 7454 
7500 8600 9500 4700 7400 7300 9000 8300 6718 6400 5500 10300 7819 7700 6000 6700 7481 
7500 8600 9500 4700 7400 7300 9000 8300 6790 6400 5500 10300 7791 7700 6000 6700 7509 
7500 8600 9500 4700 7400 7300 9000 8300 6863 6400 5500 10300 7764 7700 6000 6700 7536 
7500 8600 9500 4700 7400 7300 9000 8300 6936 6400 5500 10300 7737 7700 6000 6700 7563 
7500 8600 9500 4700 7400 7300 9000 8300 7009 6400 5500 10300 7710 7700 6000 6700 7590 
7500 8600 9500 4700 7400 7300 9000 8300 7081 6400 5500 10300 7682 7700 6000 6700 7618 
7500 8600 9500 4700 7400 7300 9000 8300 7154 6400 5500 10300 7655 7700 6000 6700 7645 
7500 8600 9500 4700 7400 7300 9000 8300 7227 6400 5500 10300 7628 7700 6000 6700 7672 
7500 8600 9500 4700 7400 7300 9000 8300 7300 6400 5500 10300 7600 7700 6000 6700 7700 
#




¿ÀÃÉ¨«¸ô¦V¥ª