7500 8600 9500 4700 7400 7300 9000 8300 7300 6400 5500 10300 7600 7700 6000 6700 7700 
7500 8600 9500 4700 7400 7300 9000 8300 7375 6400 5500 10300 7600 7700 6000 6700 7775 
7500 8600 9500 4700 7400 7300 9000 8300 7450 6400 5500 10300 7600 7700 6000 6700 7850 
7500 8600 9500 4700 7400 7300 9000 8300 7525 6400 5500 10300 7600 7700 6000 6700 7925 
7500 8600 9500 4700 7400 7300 9000 8300 7600 6400 5500 10300 7600 7700 6000 6700 8000 
7500 8600 9500 4700 7400 7300 9000 8300 7600 6400 5500 10300 7600 7836 6063 6750 8000 
7500 8600 9500 4700 7400 7300 9000 8300 7600 6400 5500 10300 7600 7972 6127 6800 8000 
7500 8600 9500 4700 7400 7300 9000 8300 7600 6400 5500 10300 7600 8109 6190 6850 8000 
7500 8600 9500 4700 7400 7300 9000 8300 7600 6400 5500 10300 7600 8245 6254 6900 8000 
7500 8600 9500 4700 7400 7300 9000 8300 7600 6400 5500 10300 7600 8381 6318 6950 8000 
7500 8600 9500 4700 7400 7300 9000 8300 7600 6400 5500 10300 7600 8518 6381 7000 8000 
7500 8600 9500 4700 7400 7300 9000 8300 7600 6400 5500 10300 7600 8654 6445 7050 8000 
7500 8600 9500 4700 7400 7300 9000 8300 7600 6400 5500 10300 7600 8790 6509 7100 8000 
7500 8600 9500 4700 7400 7300 9000 8300 7600 6400 5500 10300 7600 8927 6572 7150 8000 
7500 8600 9500 4700 7400 7300 9000 8300 7600 6400 5500 10300 7600 9063 6636 7200 8000 
7500 8600 9500 4700 7400 7300 9000 8300 7600 6400 5500 10300 7600 9200 6700 7250 8000 
7500 8600 9500 4700 7400 7291 8982 8318 7600 6400 5500 10300 7600 9200 6700 7250 8000 
7500 8600 9500 4700 7400 7282 8964 8336 7600 6400 5500 10300 7600 9200 6700 7250 8000 
7500 8600 9500 4700 7400 7273 8946 8354 7600 6400 5500 10300 7600 9200 6700 7250 8000 
7500 8600 9500 4700 7400 7264 8928 8372 7600 6400 5500 10300 7600 9200 6700 7250 8000 
7500 8600 9500 4700 7400 7255 8910 8390 7600 6400 5500 10300 7600 9200 6700 7250 8000 
7500 8600 9500 4700 7400 7246 8891 8409 7600 6400 5500 10300 7600 9200 6700 7250 8000 
7500 8600 9500 4700 7400 7237 8873 8427 7600 6400 5500 10300 7600 9200 6700 7250 8000 
7500 8600 9500 4700 7400 7228 8855 8445 7600 6400 5500 10300 7600 9200 6700 7250 8000 
7500 8600 9500 4700 7400 7219 8837 8463 7600 6400 5500 10300 7600 9200 6700 7250 8000 
7500 8600 9500 4700 7400 7210 8819 8481 7600 6400 5500 10300 7600 9200 6700 7250 8000 
7500 8600 9500 4700 7400 7200 8800 8500 7600 6400 5500 10300 7600 9200 6700 7250 8000 
7500 8600 9500 4700 7400 7200 8755 8536 7600 6400 5500 10300 7600 9146 6655 7237 8000 
7500 8600 9500 4700 7400 7200 8710 8572 7600 6400 5500 10300 7600 9091 6610 7223 8000 
7500 8600 9500 4700 7400 7200 8664 8609 7600 6400 5500 10300 7600 9037 6564 7210 8000 
7500 8600 9500 4700 7400 7200 8619 8645 7600 6400 5500 10300 7600 8982 6519 7196 8000 
7500 8600 9500 4700 7400 7200 8573 8681 7600 6400 5500 10300 7600 8928 6473 7182 8000 
7500 8600 9500 4700 7400 7200 8528 8718 7600 6400 5500 10300 7600 8873 6428 7169 8000 
7500 8600 9500 4700 7400 7200 8482 8754 7600 6400 5500 10300 7600 8819 6382 7155 8000 
7500 8600 9500 4700 7400 7200 8437 8790 7600 6400 5500 10300 7600 8764 6337 7141 8000 
7500 8600 9500 4700 7400 7200 8391 8827 7600 6400 5500 10300 7600 8710 6291 7128 8000 
7500 8600 9500 4700 7400 7200 8346 8863 7600 6400 5500 10300 7600 8655 6246 7114 8000 
7500 8600 9500 4700 7400 7200 8300 8900 7600 6400 5500 10300 7600 8600 6200 7100 8000 
7500 8600 9500 4700 7400 7167 8300 8900 7600 6400 5500 10300 7600 8567 6200 7067 8000 
7500 8600 9500 4700 7400 7134 8300 8900 7600 6400 5500 10300 7600 8534 6200 7034 8000 
7500 8600 9500 4700 7400 7100 8300 8900 7600 6400 5500 10300 7600 8500 6200 7000 8000 
7500 8600 9500 4700 7400 7067 8300 8900 7600 6400 5500 10300 7600 8467 6200 6967 8000 
7500 8600 9500 4700 7400 7034 8300 8900 7600 6400 5500 10300 7600 8434 6200 6934 8000 
7500 8600 9500 4700 7400 7000 8300 8900 7600 6400 5500 10300 7600 8400 6200 6900 8000 
7500 8600 9500 4700 7400 7000 8300 8900 7546 6400 5500 10300 7600 8400 6200 6900 7937 
7500 8600 9500 4700 7400 7000 8300 8900 7491 6400 5500 10300 7600 8400 6200 6900 7873 
7500 8600 9500 4700 7400 7000 8300 8900 7437 6400 5500 10300 7600 8400 6200 6900 7810 
7500 8600 9500 4700 7400 7000 8300 8900 7382 6400 5500 10300 7600 8400 6200 6900 7746 
7500 8600 9500 4700 7400 7000 8300 8900 7328 6400 5500 10300 7600 8400 6200 6900 7682 
7500 8600 9500 4700 7400 7000 8300 8900 7273 6400 5500 10300 7600 8400 6200 6900 7619 
7500 8600 9500 4700 7400 7000 8300 8900 7219 6400 5500 10300 7600 8400 6200 6900 7555 
7500 8600 9500 4700 7400 7000 8300 8900 7164 6400 5500 10300 7600 8400 6200 6900 7491 
7500 8600 9500 4700 7400 7000 8300 8900 7110 6400 5500 10300 7600 8400 6200 6900 7428 
7500 8600 9500 4700 7400 7000 8300 8900 7055 6400 5500 10300 7600 8400 6200 6900 7364 
7500 8600 9500 4700 7400 7000 8300 8900 7000 6400 5500 10300 7600 8400 6200 6900 7300 
7500 8600 9500 4700 7400 7000 8300 8900 7000 6400 5500 10300 7600 8373 6200 6900 7300 
7500 8600 9500 4700 7400 7000 8300 8900 7000 6400 5500 10300 7600 8346 6200 6900 7300 
7500 8600 9500 4700 7400 7000 8300 8900 7000 6400 5500 10300 7600 8319 6200 6900 7300 
7500 8600 9500 4700 7400 7000 8300 8900 7000 6400 5500 10300 7600 8291 6200 6900 7300 
7500 8600 9500 4700 7400 7000 8300 8900 7000 6400 5500 10300 7600 8264 6200 6900 7300 
7500 8600 9500 4700 7400 7000 8300 8900 7000 6400 5500 10300 7600 8237 6200 6900 7300 
7500 8600 9500 4700 7400 7000 8300 8900 7000 6400 5500 10300 7600 8210 6200 6900 7300 
7500 8600 9500 4700 7400 7000 8300 8900 7000 6400 5500 10300 7600 8182 6200 6900 7300 
7500 8600 9500 4700 7400 7000 8300 8900 7000 6400 5500 10300 7600 8155 6200 6900 7300 
7500 8600 9500 4700 7400 7000 8300 8900 7000 6400 5500 10300 7600 8128 6200 6900 7300 
7500 8600 9500 4700 7400 7000 8300 8900 7000 6400 5500 10300 7600 8100 6200 6900 7300 
7500 8600 9500 4700 7400 7000 8300 8900 7000 6400 5500 10300 7600 8064 6182 6882 7300 
7500 8600 9500 4700 7400 7000 8300 8900 7000 6400 5500 10300 7600 8028 6164 6864 7300 
7500 8600 9500 4700 7400 7000 8300 8900 7000 6400 5500 10300 7600 7991 6146 6846 7300 
7500 8600 9500 4700 7400 7000 8300 8900 7000 6400 5500 10300 7600 7955 6128 6828 7300 
7500 8600 9500 4700 7400 7000 8300 8900 7000 6400 5500 10300 7600 7919 6110 6810 7300 
7500 8600 9500 4700 7400 7000 8300 8900 7000 6400 5500 10300 7600 7882 6091 6791 7300 
7500 8600 9500 4700 7400 7000 8300 8900 7000 6400 5500 10300 7600 7846 6073 6773 7300 
7500 8600 9500 4700 7400 7000 8300 8900 7000 6400 5500 10300 7600 7810 6055 6755 7300 
7500 8600 9500 4700 7400 7000 8300 8900 7000 6400 5500 10300 7600 7773 6037 6737 7300 
7500 8600 9500 4700 7400 7000 8300 8900 7000 6400 5500 10300 7600 7737 6019 6719 7300 
7500 8600 9500 4700 7400 7000 8300 8900 7000 6400 5500 10300 7600 7700 6000 6700 7300 
#





走路 1/2
可以用單腳稍微前進一點點了