7500 8600 9500 4700 7400 7300 9000 8300 7300 6400 5500 10300 7600 7700 6000 6700 7700 
7500 8600 9500 4700 7400 7300 9000 8300 7269 6400 5500 10300 7600 7700 6000 6700 7669 
7500 8600 9500 4700 7400 7300 9000 8300 7237 6400 5500 10300 7600 7700 6000 6700 7637 
7500 8600 9500 4700 7400 7300 9000 8300 7205 6400 5500 10300 7600 7700 6000 6700 7605 
7500 8600 9500 4700 7400 7300 9000 8300 7173 6400 5500 10300 7600 7700 6000 6700 7573 
7500 8600 9500 4700 7400 7300 9000 8300 7141 6400 5500 10300 7600 7700 6000 6700 7541 
7500 8600 9500 4700 7400 7300 9000 8300 7110 6400 5500 10300 7600 7700 6000 6700 7510 
7500 8600 9500 4700 7400 7300 9000 8300 7078 6400 5500 10300 7600 7700 6000 6700 7478 
7500 8600 9500 4700 7400 7300 9000 8300 7046 6400 5500 10300 7600 7700 6000 6700 7446 
7500 8600 9500 4700 7400 7300 9000 8300 7014 6400 5500 10300 7600 7700 6000 6700 7414 
7500 8600 9500 4700 7400 7300 9000 8300 6982 6400 5500 10300 7600 7700 6000 6700 7382 
7500 8600 9500 4700 7400 7300 9000 8300 6950 6400 5500 10300 7600 7700 6000 6700 7350 
7500 8600 9500 4700 7373 7300 9000 8300 6950 6400 5500 10300 7600 7700 6000 6700 7350 
7500 8600 9500 4700 7346 7300 9000 8300 6950 6400 5500 10300 7600 7700 6000 6700 7350 
7500 8600 9500 4700 7319 7300 9000 8300 6950 6400 5500 10300 7600 7700 6000 6700 7350 
7500 8600 9500 4700 7291 7300 9000 8300 6950 6400 5500 10300 7600 7700 6000 6700 7350 
7500 8600 9500 4700 7264 7300 9000 8300 6950 6400 5500 10300 7600 7700 6000 6700 7350 
7500 8600 9500 4700 7237 7300 9000 8300 6950 6400 5500 10300 7600 7700 6000 6700 7350 
7500 8600 9500 4700 7210 7300 9000 8300 6950 6400 5500 10300 7600 7700 6000 6700 7350 
7500 8600 9500 4700 7182 7300 9000 8300 6950 6400 5500 10300 7600 7700 6000 6700 7350 
7500 8600 9500 4700 7155 7300 9000 8300 6950 6400 5500 10300 7600 7700 6000 6700 7350 
7500 8600 9500 4700 7128 7300 9000 8300 6950 6400 5500 10300 7600 7700 6000 6700 7350 
7500 8600 9500 4700 7100 7300 9000 8300 6950 6400 5500 10300 7600 7700 6000 6700 7350 
7500 8600 9500 4700 7100 7300 9000 8300 7009 6400 5500 10300 7600 7700 6000 6700 7454 
7500 8600 9500 4700 7100 7300 9000 8300 7068 6400 5500 10300 7600 7700 6000 6700 7559 
7500 8600 9500 4700 7100 7300 9000 8300 7127 6400 5500 10300 7600 7700 6000 6700 7663 
7500 8600 9500 4700 7100 7300 9000 8300 7186 6400 5500 10300 7600 7700 6000 6700 7768 
7500 8600 9500 4700 7100 7300 9000 8300 7245 6400 5500 10300 7600 7700 6000 6700 7872 
7500 8600 9500 4700 7100 7300 9000 8300 7304 6400 5500 10300 7600 7700 6000 6700 7977 
7500 8600 9500 4700 7100 7300 9000 8300 7363 6400 5500 10300 7600 7700 6000 6700 8081 
7500 8600 9500 4700 7100 7300 9000 8300 7422 6400 5500 10300 7600 7700 6000 6700 8186 
7500 8600 9500 4700 7100 7300 9000 8300 7481 6400 5500 10300 7600 7700 6000 6700 8290 
7500 8600 9500 4700 7100 7300 9000 8300 7540 6400 5500 10300 7600 7700 6000 6700 8395 
7500 8600 9500 4700 7100 7300 9000 8300 7600 6400 5500 10300 7600 7700 6000 6700 8500 
7500 8600 9500 4700 7127 7300 9000 8300 7573 6400 5500 10300 7600 7700 6000 6700 8428 
7500 8600 9500 4700 7154 7300 9000 8300 7546 6400 5500 10300 7600 7700 6000 6700 8355 
7500 8600 9500 4700 7181 7300 9000 8300 7519 6400 5500 10300 7600 7700 6000 6700 8282 
7500 8600 9500 4700 7209 7300 9000 8300 7491 6400 5500 10300 7600 7700 6000 6700 8210 
7500 8600 9500 4700 7236 7300 9000 8300 7464 6400 5500 10300 7600 7700 6000 6700 8137 
7500 8600 9500 4700 7263 7300 9000 8300 7437 6400 5500 10300 7600 7700 6000 6700 8064 
7500 8600 9500 4700 7290 7300 9000 8300 7410 6400 5500 10300 7600 7700 6000 6700 7991 
7500 8600 9500 4700 7318 7300 9000 8300 7382 6400 5500 10300 7600 7700 6000 6700 7919 
7500 8600 9500 4700 7345 7300 9000 8300 7355 6400 5500 10300 7600 7700 6000 6700 7846 
7500 8600 9500 4700 7372 7300 9000 8300 7328 6400 5500 10300 7600 7700 6000 6700 7773 
7500 8600 9500 4700 7400 7300 9000 8300 7300 6400 5500 10300 7600 7700 6000 6700 7700 
#



¿ÀÃÉ¨«¸ô¦V¥k