7500 8600 9500 4700 7400 7300 9000 8300 7300 6400 5500 10300 7600 7700 6000 6700 7700 
7500 8600 9500 4700 7400 7300 9000 8300 7336 6400 5500 10300 7600 7700 6000 6700 7727 
7500 8600 9500 4700 7400 7300 9000 8300 7372 6400 5500 10300 7600 7700 6000 6700 7754 
7500 8600 9500 4700 7400 7300 9000 8300 7409 6400 5500 10300 7600 7700 6000 6700 7781 
7500 8600 9500 4700 7400 7300 9000 8300 7445 6400 5500 10300 7600 7700 6000 6700 7809 
7500 8600 9500 4700 7400 7300 9000 8300 7481 6400 5500 10300 7600 7700 6000 6700 7836 
7500 8600 9500 4700 7400 7300 9000 8300 7518 6400 5500 10300 7600 7700 6000 6700 7863 
7500 8600 9500 4700 7400 7300 9000 8300 7554 6400 5500 10300 7600 7700 6000 6700 7890 
7500 8600 9500 4700 7400 7300 9000 8300 7590 6400 5500 10300 7600 7700 6000 6700 7918 
7500 8600 9500 4700 7400 7300 9000 8300 7627 6400 5500 10300 7600 7700 6000 6700 7945 
7500 8600 9500 4700 7400 7300 9000 8300 7663 6400 5500 10300 7600 7700 6000 6700 7972 
7500 8600 9500 4700 7400 7300 9000 8300 7700 6400 5500 10300 7600 7700 6000 6700 8000 
7500 8600 9500 4700 7400 7300 9000 8300 7700 6400 5500 10300 7600 7610 6045 6582 8000 
7500 8600 9500 4700 7400 7300 9000 8300 7700 6400 5500 10300 7600 7519 6090 6464 8000 
7500 8600 9500 4700 7400 7300 9000 8300 7700 6400 5500 10300 7600 7428 6136 6346 8000 
7500 8600 9500 4700 7400 7300 9000 8300 7700 6400 5500 10300 7600 7337 6181 6228 8000 
7500 8600 9500 4700 7400 7300 9000 8300 7700 6400 5500 10300 7600 7246 6227 6110 8000 
7500 8600 9500 4700 7400 7300 9000 8300 7700 6400 5500 10300 7600 7155 6272 5991 8000 
7500 8600 9500 4700 7400 7300 9000 8300 7700 6400 5500 10300 7600 7064 6318 5873 8000 
7500 8600 9500 4700 7400 7300 9000 8300 7700 6400 5500 10300 7600 6973 6363 5755 8000 
7500 8600 9500 4700 7400 7300 9000 8300 7700 6400 5500 10300 7600 6882 6409 5637 8000 
7500 8600 9500 4700 7400 7300 9000 8300 7700 6400 5500 10300 7600 6791 6454 5519 8000 
7500 8600 9500 4700 7400 7300 9000 8300 7700 6400 5500 10300 7600 6700 6500 5400 8000 
7500 8600 9500 4700 7400 7300 9000 8300 7700 6400 5500 10300 7600 7700 6500 6200 8000 
7500 8600 9500 4700 7400 7300 9000 8300 7700 6400 5500 10300 7600 8700 6500 7000 8000 
7500 8600 9500 4700 7400 7300 9000 8300 7700 6400 5500 10300 7600 8610 6455 6973 8000 
7500 8600 9500 4700 7400 7300 9000 8300 7700 6400 5500 10300 7600 8519 6410 6946 8000 
7500 8600 9500 4700 7400 7300 9000 8300 7700 6400 5500 10300 7600 8428 6364 6919 8000 
7500 8600 9500 4700 7400 7300 9000 8300 7700 6400 5500 10300 7600 8337 6319 6891 8000 
7500 8600 9500 4700 7400 7300 9000 8300 7700 6400 5500 10300 7600 8246 6273 6864 8000 
7500 8600 9500 4700 7400 7300 9000 8300 7700 6400 5500 10300 7600 8155 6228 6837 8000 
7500 8600 9500 4700 7400 7300 9000 8300 7700 6400 5500 10300 7600 8064 6182 6810 8000 
7500 8600 9500 4700 7400 7300 9000 8300 7700 6400 5500 10300 7600 7973 6137 6782 8000 
7500 8600 9500 4700 7400 7300 9000 8300 7700 6400 5500 10300 7600 7882 6091 6755 8000 
7500 8600 9500 4700 7400 7300 9000 8300 7700 6400 5500 10300 7600 7791 6046 6728 8000 
7500 8600 9500 4700 7400 7300 9000 8300 7700 6400 5500 10300 7600 7700 6000 6700 8000 
7500 8600 9500 4700 7400 7300 9000 8300 7664 6400 5500 10300 7600 7700 6000 6700 7973 
7500 8600 9500 4700 7400 7300 9000 8300 7628 6400 5500 10300 7600 7700 6000 6700 7946 
7500 8600 9500 4700 7400 7300 9000 8300 7591 6400 5500 10300 7600 7700 6000 6700 7919 
7500 8600 9500 4700 7400 7300 9000 8300 7555 6400 5500 10300 7600 7700 6000 6700 7891 
7500 8600 9500 4700 7400 7300 9000 8300 7519 6400 5500 10300 7600 7700 6000 6700 7864 
7500 8600 9500 4700 7400 7300 9000 8300 7482 6400 5500 10300 7600 7700 6000 6700 7837 
7500 8600 9500 4700 7400 7300 9000 8300 7446 6400 5500 10300 7600 7700 6000 6700 7810 
7500 8600 9500 4700 7400 7300 9000 8300 7410 6400 5500 10300 7600 7700 6000 6700 7782 
7500 8600 9500 4700 7400 7300 9000 8300 7373 6400 5500 10300 7600 7700 6000 6700 7755 
7500 8600 9500 4700 7400 7300 9000 8300 7337 6400 5500 10300 7600 7700 6000 6700 7728 
7500 8600 9500 4700 7400 7300 9000 8300 7300 6400 5500 10300 7600 7700 6000 6700 7700 
#




½ð²y