7500 8600 9500 4700 7400 7300 9000 8300 7300 6400 5500 0 7600 7700 6000 6700 7700 
7500 8600 9500 4700 7400 7300 9000 8300 7200 6400 5500 0 7600 7700 6000 6700 7600 
7500 8600 9500 4700 7400 7300 9000 8300 7100 6400 5500 0 7600 7700 6000 6700 7500 
7500 8600 9500 4700 7400 7300 9000 8300 7000 6400 5500 0 7600 7700 6000 6700 7400 
7500 8600 9500 4700 7400 7164 8937 8228 6900 6400 5500 0 7600 7700 6000 6700 7300 
7500 8600 9500 4700 7400 7300 9000 8300 6900 6400 5500 0 7600 7700 6000 6700 7300 
7500 8600 9500 4700 7400 7164 8937 8228 7000 6400 5500 0 7600 7700 6000 6700 7300 
7500 8600 9500 4700 7400 7028 8873 8155 7100 6400 5500 0 7600 7700 6000 6700 7300 
7500 8600 9500 4700 7400 6891 8810 8082 7200 6400 5500 0 7600 7700 6000 6700 7300 
7500 8600 9500 4700 7400 6755 8746 8010 7300 6400 5500 0 7600 7700 6000 6700 7300 
7500 8600 9500 4700 7400 6619 8682 7937 7300 6400 5500 0 7600 7700 6000 6700 7300 
7500 8600 9500 4700 7400 6482 8619 7864 7300 6400 5500 0 7600 7700 6000 6700 7300 
7500 8600 9500 4700 7400 6346 8555 7791 7300 6400 5500 0 7600 7700 6000 6700 7300 
7500 8600 9500 4700 7400 6210 8491 7719 7300 6400 5500 0 7600 7700 6000 6700 7300 
7500 8600 9500 4700 7400 6073 8428 7646 7300 6400 5500 0 7600 7700 6000 6700 7300 
7500 8600 9500 4700 7400 5937 8364 7573 7300 6400 5500 0 7600 7700 6000 6700 7300 
7500 8600 9500 4700 7400 5800 8300 7500 7300 6400 5500 0 7600 7700 6000 6700 7300 
7500 8600 9500 4700 7400 5800 8300 7500 7300 6400 5500 0 7600 7700 6000 6700 7300 
7500 8600 9500 4700 7400 5936 8363 7572 7300 6400 5500 0 7600 7700 6000 6700 7300 
7500 8600 9500 4700 7400 6072 8427 7645 7300 6400 5500 0 7600 7700 6000 6700 7300 
7500 8600 9500 4700 7400 6209 8490 7718 7300 6400 5500 0 7600 7700 6000 6700 7300 
7500 8600 9500 4700 7400 6345 8554 7790 7300 6400 5500 0 7600 7700 6000 6700 7300 
7500 8600 9500 4700 7400 6481 8618 7863 7300 6400 5500 0 7600 7700 6000 6700 7300 
7500 8600 9500 4700 7400 6618 8681 7936 7300 6400 5500 0 7600 7700 6000 6700 7300 
7500 8600 9500 4700 7400 6754 8745 8009 7300 6400 5500 0 7600 7700 6000 6700 7300 
7500 8600 9500 4700 7400 6890 8809 8081 7300 6400 5500 0 7600 7700 6000 6700 7300 
7500 8600 9500 4700 7400 7027 8872 8154 7300 6400 5500 0 7600 7700 6000 6700 7300 
7500 8600 9500 4700 7400 7163 8936 8227 7300 6400 5500 0 7600 7700 6000 6700 7300 
7500 8600 9500 4700 7400 7300 9000 8300 7300 6400 5500 0 7600 7700 6000 6700 7400 
7500 8600 9500 4700 7400 7300 9000 8300 7300 6400 5500 0 7600 7700 6000 6700 7500 
7500 8600 9500 4700 7400 7300 9000 8300 7300 6400 5500 0 7600 7700 6000 6700 7600 
7500 8600 9500 4700 7400 7300 9000 8300 7300 6400 5500 0 7600 7700 6000 6700 7700 
7500 8600 9500 4700 7400 7300 9000 8300 7400 6400 5500 0 7600 7700 6000 6700 7800 
7500 8600 9500 4700 7400 7300 9000 8300 7300 6400 5500 0 7600 7700 6000 6700 7900 
7500 8600 9500 4700 7400 7300 9000 8300 7600 6400 5500 0 7600 7700 6000 6700 8000 
7500 8600 9500 4700 7400 7300 9000 8300 7700 6400 5500 0 7600 7836 6063 6772 8100 
7500 8600 9500 4700 7400 7300 9000 8300 7700 6400 5500 0 7600 7972 6127 6845 8000 
7500 8600 9500 4700 7400 7300 9000 8300 7700 6400 5500 0 7600 8109 6190 6918 7900 
7500 8600 9500 4700 7400 7300 9000 8300 7700 6400 5500 0 7600 8245 6254 6990 7800 
7500 8600 9500 4700 7400 7300 9000 8300 7700 6400 5500 0 7600 8381 6318 7063 7700 
7500 8600 9500 4700 7400 7300 9000 8300 7700 6400 5500 0 7600 8518 6381 7136 7700 
7500 8600 9500 4700 7400 7300 9000 8300 7700 6400 5500 0 7600 8654 6445 7209 7700 
7500 8600 9500 4700 7400 7300 9000 8300 7700 6400 5500 0 7600 8790 6509 7281 7700 
7500 8600 9500 4700 7400 7300 9000 8300 7700 6400 5500 0 7600 8927 6572 7354 7700 
7500 8600 9500 4700 7400 7300 9000 8300 7700 6400 5500 0 7600 9063 6636 7427 7700 
7500 8600 9500 4700 7400 7300 9000 8300 7700 6400 5500 0 7600 9200 6700 7500 7700 
7500 8600 9500 4700 7400 7300 9000 8300 7700 6400 5500 0 7600 9200 6700 7500 7700 
7500 8600 9500 4700 7400 7300 9000 8300 7700 6400 5500 0 7600 9064 6637 7428 7700 
7500 8600 9500 4700 7400 7300 9000 8300 7700 6400 5500 0 7600 8928 6573 7355 7700 
7500 8600 9500 4700 7400 7300 9000 8300 7700 6400 5500 0 7600 8791 6510 7282 7700 
7500 8600 9500 4700 7400 7300 9000 8300 7700 6400 5500 0 7600 8655 6446 7210 7700 
7500 8600 9500 4700 7400 7300 9000 8300 7700 6400 5500 0 7600 8519 6382 7137 7700 
7500 8600 9500 4700 7400 7300 9000 8300 7700 6400 5500 0 7600 8382 6319 7064 7700 
7500 8600 9500 4700 7400 7300 9000 8300 7700 6400 5500 0 7600 8246 6255 6991 7700 
7500 8600 9500 4700 7400 7300 9000 8300 7700 6400 5500 0 7600 8110 6191 6919 7700 
7500 8600 9500 4700 7400 7300 9000 8300 7700 6400 5500 0 7600 7973 6128 6846 7700 
7500 8600 9500 4700 7400 7300 9000 8300 7700 6400 5500 0 7600 7837 6064 6773 7700 
7500 8600 9500 4700 7400 7300 9000 8300 7600 6400 5500 0 7600 7700 6000 6700 7700 
7500 8600 9500 4700 7400 7300 9000 8300 7500 6400 5500 0 7600 7700 6000 6700 7700 
7500 8600 9500 4700 7400 7300 9000 8300 7400 6400 5500 0 7600 7700 6000 6700 7700 
7500 8600 9500 4700 7400 7300 9000 8300 7300 6400 5500 0 7600 7700 6000 6700 7700 
#




左右抬腿 重心移轉成功