7500 8600 9500 4700 7400 7300 9000 8300 7300 6400 5500 0 7600 7700 6000 6700 7700 
7500 8600 9500 4700 7400 7164 8773 8381 7300 6400 5500 0 7600 7836 6227 6619 7700 
7500 8600 9500 4700 7400 7028 8546 8463 7300 6400 5500 0 7600 7972 6454 6537 7700 
7500 8600 9500 4700 7400 6891 8319 8545 7300 6400 5500 0 7600 8109 6681 6455 7700 
7500 8600 9500 4700 7400 6755 8091 8627 7300 6400 5500 0 7600 8245 6909 6373 7700 
7500 8600 9500 4700 7400 6619 7864 8709 7300 6400 5500 0 7600 8381 7136 6291 7700 
7500 8600 9500 4700 7400 6482 7637 8790 7300 6400 5500 0 7600 8518 7363 6210 7700 
7500 8600 9500 4700 7400 6346 7410 8872 7300 6400 5500 0 7600 8654 7590 6128 7700 
7500 8600 9500 4700 7400 6210 7182 8954 7300 6400 5500 0 7600 8790 7818 6046 7700 
7500 8600 9500 4700 7400 6073 6955 9036 7300 6400 5500 0 7600 8927 8045 5964 7700 
7500 8600 9500 4700 7400 5937 6728 9118 7300 6400 5500 0 7600 9063 8272 5882 7700 
7500 8600 9500 4700 7400 5800 6500 9200 7300 6400 5500 0 7600 9200 8500 5800 7700 
7500 8600 9500 4700 7400 5936 6727 9119 7300 6400 5500 0 7600 9064 8273 5881 7700 
7500 8600 9500 4700 7400 6072 6954 9037 7300 6400 5500 0 7600 8928 8046 5963 7700 
7500 8600 9500 4700 7400 6209 7181 8955 7300 6400 5500 0 7600 8791 7819 6045 7700 
7500 8600 9500 4700 7400 6345 7409 8873 7300 6400 5500 0 7600 8655 7591 6127 7700 
7500 8600 9500 4700 7400 6481 7636 8791 7300 6400 5500 0 7600 8519 7364 6209 7700 
7500 8600 9500 4700 7400 6618 7863 8710 7300 6400 5500 0 7600 8382 7137 6290 7700 
7500 8600 9500 4700 7400 6754 8090 8628 7300 6400 5500 0 7600 8246 6910 6372 7700 
7500 8600 9500 4700 7400 6890 8318 8546 7300 6400 5500 0 7600 8110 6682 6454 7700 
7500 8600 9500 4700 7400 7027 8545 8464 7300 6400 5500 0 7600 7973 6455 6536 7700 
7500 8600 9500 4700 7400 7163 8772 8382 7300 6400 5500 0 7600 7837 6228 6618 7700 
7500 8600 9500 4700 7400 7300 9000 8300 7300 6400 5500 0 7600 7700 6000 6700 7700 
#




蹲下站起來